"Phase Number","Start Time","Request Type","Latency","Response Code"
"1","1646293337529","POST","1014","200"
"1","1646293338544","POST","39","200"
"1","1646293338583","POST","24","200"
"1","1646293338607","POST","17","200"
"1","1646293338624","POST","39","200"
"1","1646293338663","POST","21","200"
"1","1646293338684","POST","37","200"
"1","1646293338721","POST","46","200"
"1","1646293338767","POST","16","200"
"1","1646293338783","POST","57","200"
"1","1646293338840","POST","20","200"
"1","1646293338860","POST","60","200"
"1","1646293338920","POST","44","200"
"1","1646293338965","POST","22","200"
"1","1646293338987","POST","34","200"
"1","1646293339022","POST","57","200"
"1","1646293339079","POST","16","200"
"1","1646293339095","POST","21","200"
"1","1646293339116","POST","39","200"
"1","1646293339155","POST","26","200"
"1","1646293339181","POST","35","200"
"1","1646293339216","POST","29","200"
"1","1646293339245","POST","28","200"
"1","1646293339273","POST","31","200"
"1","1646293339304","POST","27","200"
"1","1646293339331","POST","70","200"
"1","1646293339401","POST","34","200"
"1","1646293339435","POST","22","200"
"1","1646293339457","POST","34","200"
"1","1646293339491","POST","26","200"
"1","1646293339517","POST","14","200"
"1","1646293339531","POST","14","200"
"1","1646293339545","POST","16","200"
"1","1646293339561","POST","14","200"
"1","1646293339575","POST","15","200"
"1","1646293339590","POST","20","200"
"1","1646293339610","POST","14","200"
"1","1646293339624","POST","16","200"
"1","1646293339640","POST","18","200"
"1","1646293339658","POST","15","200"
"1","1646293339673","POST","15","200"
"1","1646293339688","POST","20","200"
"1","1646293339708","POST","12","200"
"1","1646293339721","POST","12","200"
"1","1646293339733","POST","20","200"
"1","1646293339753","POST","16","200"
"1","1646293339769","POST","14","200"
"1","1646293339783","POST","17","200"
"1","1646293339800","POST","15","200"
"1","1646293339815","POST","18","200"
"1","1646293339833","POST","11","200"
"1","1646293339844","POST","23","200"
"1","1646293339867","POST","26","200"
"1","1646293339893","POST","13","200"
"1","1646293339906","POST","20","200"
"1","1646293339926","POST","15","200"
"1","1646293339941","POST","12","200"
"1","1646293339953","POST","17","200"
"1","1646293339970","POST","14","200"
"1","1646293339984","POST","17","200"
"1","1646293340001","POST","14","200"
"1","1646293340015","POST","17","200"
"1","1646293340032","POST","18","200"
"1","1646293340050","POST","12","200"
"1","1646293340062","POST","19","200"
"1","1646293340081","POST","18","200"
"1","1646293340099","POST","11","200"
"1","1646293340110","POST","22","200"
"1","1646293340132","POST","25","200"
"1","1646293340157","POST","19","200"
"1","1646293340176","POST","17","200"
"1","1646293340193","POST","30","200"
"1","1646293340223","POST","18","200"
"1","1646293340241","POST","30","200"
"1","1646293340271","POST","15","200"
"1","1646293340286","POST","16","200"
"1","1646293340302","POST","19","200"
"1","1646293340321","POST","11","200"
"1","1646293340332","POST","17","200"
"1","1646293340349","POST","15","200"
"1","1646293340364","POST","25","200"
"1","1646293340389","POST","31","200"
"1","1646293340420","POST","26","200"
"1","1646293340446","POST","15","200"
"1","1646293340461","POST","20","200"
"1","1646293340481","POST","25","200"
"1","1646293340506","POST","15","200"
"1","1646293340521","POST","17","200"
"1","1646293340538","POST","15","200"
"1","1646293340553","POST","20","200"
"1","1646293340573","POST","12","200"
"1","1646293340585","POST","12","200"
"1","1646293340597","POST","47","200"
"1","1646293340644","POST","16","200"
"1","1646293340660","POST","18","200"
"1","1646293340678","POST","13","200"
"1","1646293340691","POST","17","200"
"1","1646293340708","POST","13","200"
"1","1646293340721","POST","20","200"
"1","1646293340741","POST","17","200"
"1","1646293340758","POST","8","200"
"1","1646293340766","POST","18","200"
"1","1646293340784","POST","19","200"
"1","1646293340803","POST","11","200"
"1","1646293340814","POST","18","200"
"1","1646293340832","POST","28","200"
"1","1646293340860","POST","23","200"
"1","1646293340883","POST","10","200"
"1","1646293340893","POST","19","200"
"1","1646293340912","POST","14","200"
"1","1646293340926","POST","16","200"
"1","1646293340942","POST","14","200"
"1","1646293340956","POST","18","200"
"1","1646293340974","POST","15","200"
"1","1646293340989","POST","13","200"
"1","1646293341002","POST","18","200"
"1","1646293341020","POST","15","200"
"1","1646293341035","POST","17","200"
"1","1646293341052","POST","16","200"
"1","1646293341068","POST","17","200"
"1","1646293341085","POST","14","200"
"1","1646293341099","POST","18","200"
"1","1646293341117","POST","15","200"
"1","1646293341132","POST","15","200"
"1","1646293341147","POST","13","200"
"1","1646293341160","POST","20","200"
"1","1646293341180","POST","10","200"
"1","1646293341190","POST","19","200"
"1","1646293341209","POST","13","200"
"1","1646293341222","POST","18","200"
"1","1646293341240","POST","15","200"
"1","1646293341255","POST","18","200"
"1","1646293341273","POST","13","200"
"1","1646293341286","POST","18","200"
"1","1646293341304","POST","10","200"
"1","1646293341315","POST","21","200"
"1","1646293341336","POST","12","200"
"1","1646293341348","POST","21","200"
"1","1646293341369","POST","8","200"
"1","1646293341377","POST","21","200"
"1","1646293341398","POST","12","200"
"1","1646293341410","POST","19","200"
"1","1646293341430","POST","11","200"
"1","1646293341441","POST","20","200"
"1","1646293341461","POST","11","200"
"1","1646293341472","POST","22","200"
"1","1646293341494","POST","11","200"
"1","1646293341505","POST","21","200"
"1","1646293341526","POST","15","200"
"1","1646293341541","POST","18","200"
"1","1646293341559","POST","16","200"
"1","1646293341575","POST","28","200"
"1","1646293341603","POST","19","200"
"1","1646293341622","POST","26","200"
"1","1646293341648","POST","14","200"
"1","1646293341662","POST","19","200"
"1","1646293341681","POST","12","200"
"1","1646293341693","POST","18","200"
"1","1646293341712","POST","17","200"
"1","1646293341729","POST","25","200"
"1","1646293341754","POST","15","200"
"1","1646293341769","POST","15","200"
"1","1646293341784","POST","18","200"
"1","1646293341802","POST","18","200"
"1","1646293341820","POST","15","200"
"1","1646293341835","POST","14","200"
"1","1646293341849","POST","17","200"
"1","1646293341866","POST","15","200"
"1","1646293341881","POST","16","200"
"1","1646293341897","POST","18","200"
"1","1646293341915","POST","10","200"
"1","1646293341925","POST","20","200"
"1","1646293341945","POST","18","200"
"1","1646293341963","POST","29","200"
"1","1646293341992","POST","12","200"
"1","1646293342004","POST","18","200"
"1","1646293342022","POST","17","200"
"1","1646293342039","POST","10","200"
"1","1646293342049","POST","16","200"
"1","1646293342065","POST","18","200"
"1","1646293342083","POST","17","200"
"1","1646293342100","POST","12","200"
"1","1646293342112","POST","19","200"
"1","1646293342131","POST","19","200"
"1","1646293342150","POST","27","200"
"1","1646293342177","POST","13","200"
"1","1646293342190","POST","18","200"
"1","1646293342208","POST","17","200"
"1","1646293342225","POST","34","200"
"1","1646293342259","POST","23","200"
"1","1646293342282","POST","22","200"
"1","1646293342304","POST","32","200"
"1","1646293342336","POST","32","200"
"1","1646293342368","POST","11","200"
"1","1646293342379","POST","14","200"
"1","1646293342393","POST","16","200"
"1","1646293342409","POST","16","200"
"1","1646293342425","POST","16","200"
"1","1646293342441","POST","15","200"
"1","1646293342456","POST","13","200"
"1","1646293342469","POST","7","200"
"1","1646293342476","POST","8","200"
"1","1646293342484","POST","21","200"
"1","1646293342505","POST","15","200"
"1","1646293342520","POST","16","200"
"1","1646293342536","POST","17","200"
"1","1646293342553","POST","11","200"
"1","1646293342564","POST","19","200"
"1","1646293342584","POST","15","200"
"1","1646293342599","POST","19","200"
"1","1646293342618","POST","10","200"
"1","1646293342628","POST","25","200"
"1","1646293342653","POST","22","200"
"1","1646293342675","POST","16","200"
"1","1646293342692","POST","10","200"
"1","1646293342702","POST","20","200"
"1","1646293342722","POST","16","200"
"1","1646293342738","POST","17","200"
"1","1646293342755","POST","12","200"
"1","1646293342768","POST","16","200"
"1","1646293342784","POST","18","200"
"1","1646293342802","POST","19","200"
"1","1646293342821","POST","9","200"
"1","1646293342830","POST","21","200"
"1","1646293342851","POST","9","200"
"1","1646293342860","POST","28","200"
"1","1646293342888","POST","28","200"
"1","1646293342916","POST","23","200"
"1","1646293342939","POST","18","200"
"1","1646293342957","POST","22","200"
"1","1646293342979","POST","28","200"
"1","1646293343007","POST","16","200"
"1","1646293343023","POST","15","200"
"1","1646293343038","POST","12","200"
"1","1646293343050","POST","13","200"
"1","1646293343063","POST","17","200"
"1","1646293343080","POST","17","200"
"1","1646293343097","POST","12","200"
"1","1646293343109","POST","28","200"
"1","1646293343137","POST","22","200"
"1","1646293343159","POST","14","200"
"1","1646293343173","POST","16","200"
"1","1646293343189","POST","19","200"
"1","1646293343209","POST","13","200"
"1","1646293343222","POST","14","200"
"1","1646293343236","POST","14","200"
"1","1646293343250","POST","19","200"
"1","1646293343269","POST","18","200"
"1","1646293343287","POST","10","200"
"1","1646293343297","POST","17","200"
"1","1646293343314","POST","16","200"
"1","1646293343330","POST","15","200"
"1","1646293343345","POST","18","200"
"1","1646293343363","POST","13","200"
"1","1646293343376","POST","19","200"
"1","1646293343395","POST","33","200"
"1","1646293343428","POST","34","200"
"1","1646293343462","POST","27","200"
"1","1646293343489","POST","9","200"
"1","1646293343498","POST","20","200"
"1","1646293343518","POST","13","200"
"1","1646293343531","POST","18","200"
"1","1646293343549","POST","18","200"
"1","1646293343567","POST","11","200"
"1","1646293343578","POST","15","200"
"1","1646293343593","POST","31","200"
"1","1646293343624","POST","24","200"
"1","1646293343648","POST","24","200"
"1","1646293343672","POST","13","200"
"1","1646293343685","POST","18","200"
"1","1646293343703","POST","14","200"
"1","1646293343717","POST","17","200"
"1","1646293343734","POST","16","200"
"1","1646293343750","POST","14","200"
"1","1646293343764","POST","16","200"
"1","1646293343780","POST","19","200"
"1","1646293343799","POST","16","200"
"1","1646293343815","POST","11","200"
"1","1646293343826","POST","20","200"
"1","1646293343846","POST","18","200"
"1","1646293343864","POST","13","200"
"1","1646293343877","POST","16","200"
"1","1646293343893","POST","18","200"
"1","1646293343911","POST","12","200"
"1","1646293343923","POST","19","200"
"1","1646293343942","POST","14","200"
"1","1646293343956","POST","16","200"
"1","1646293343972","POST","15","200"
"1","1646293343987","POST","20","200"
"1","1646293344007","POST","16","200"
"1","1646293344023","POST","22","200"
"1","1646293344045","POST","20","200"
"1","1646293344065","POST","13","200"
"1","1646293344079","POST","18","200"
"1","1646293344097","POST","17","200"
"1","1646293344114","POST","13","200"
"1","1646293344127","POST","16","200"
"1","1646293344143","POST","15","200"
"1","1646293344159","POST","12","200"
"1","1646293344172","POST","33","200"
"1","1646293344205","POST","27","200"
"1","1646293344232","POST","33","200"
"1","1646293344265","POST","24","200"
"1","1646293344289","POST","11","200"
"1","1646293344300","POST","14","200"
"1","1646293344314","POST","17","200"
"1","1646293344331","POST","13","200"
"1","1646293344344","POST","20","200"
"1","1646293344364","POST","14","200"
"1","1646293344379","POST","17","200"
"1","1646293344396","POST","10","200"
"1","1646293344406","POST","31","200"
"1","1646293344437","POST","22","200"
"1","1646293344459","POST","15","200"
"1","1646293344474","POST","12","200"
"1","1646293344486","POST","16","200"
"1","1646293344502","POST","13","200"
"1","1646293344515","POST","15","200"
"1","1646293344530","POST","19","200"
"1","1646293344549","POST","16","200"
"1","1646293344565","POST","15","200"
"1","1646293344580","POST","19","200"
"1","1646293344599","POST","14","200"
"1","1646293344613","POST","16","200"
"1","1646293344629","POST","12","200"
"1","1646293344641","POST","19","200"
"1","1646293344660","POST","17","200"
"1","1646293344677","POST","11","200"
"1","1646293344688","POST","15","200"
"1","1646293344703","POST","19","200"
"1","1646293344722","POST","13","200"
"1","1646293344735","POST","12","200"
"1","1646293344747","POST","22","200"
"1","1646293344769","POST","15","200"
"1","1646293344784","POST","13","200"
"1","1646293344797","POST","17","200"
"1","1646293344814","POST","15","200"
"1","1646293344829","POST","17","200"
"1","1646293344846","POST","17","200"
"1","1646293344863","POST","18","200"
"1","1646293344881","POST","9","200"
"1","1646293344890","POST","20","200"
"1","1646293344910","POST","12","200"
"1","1646293344922","POST","22","200"
"1","1646293344944","POST","11","200"
"1","1646293344955","POST","16","200"
"1","1646293344971","POST","12","200"
"1","1646293344983","POST","20","200"
"1","1646293345003","POST","16","200"
"1","1646293345019","POST","15","200"
"1","1646293345034","POST","22","200"
"1","1646293345056","POST","20","200"
"1","1646293345076","POST","13","200"
"1","1646293345090","POST","19","200"
"1","1646293345109","POST","16","200"
"1","1646293345125","POST","13","200"
"1","1646293345138","POST","15","200"
"1","1646293345153","POST","18","200"
"1","1646293345171","POST","17","200"
"1","1646293345188","POST","12","200"
"1","1646293345200","POST","19","200"
"1","1646293345219","POST","13","200"
"1","1646293345232","POST","22","200"
"1","1646293345254","POST","9","200"
"1","1646293345263","POST","19","200"
"1","1646293345282","POST","17","200"
"1","1646293345299","POST","11","200"
"1","1646293345310","POST","17","200"
"1","1646293345327","POST","20","200"
"1","1646293345347","POST","22","200"
"1","1646293345370","POST","22","200"
"1","1646293345392","POST","9","200"
"1","1646293345401","POST","21","200"
"1","1646293345422","POST","19","200"
"1","1646293345441","POST","41","200"
"1","1646293345482","POST","16","200"
"1","1646293345498","POST","14","200"
"1","1646293345512","POST","16","200"
"1","1646293345528","POST","15","200"
"1","1646293345543","POST","21","200"
"1","1646293345564","POST","27","200"
"1","1646293345591","POST","25","200"
"1","1646293345616","POST","37","200"
"1","1646293345653","POST","20","200"
"1","1646293345673","POST","10","200"
"1","1646293345683","POST","20","200"
"1","1646293345703","POST","16","200"
"1","1646293345719","POST","14","200"
"1","1646293345733","POST","16","200"
"1","1646293345749","POST","19","200"
"1","1646293345768","POST","14","200"
"1","1646293345782","POST","14","200"
"1","1646293345796","POST","12","200"
"1","1646293345808","POST","19","200"
"1","1646293345828","POST","12","200"
"1","1646293345840","POST","22","200"
"1","1646293345862","POST","185","200"
"1","1646293346047","POST","61","200"
"1","1646293346108","POST","14","200"
"1","1646293346122","POST","14","200"
"1","1646293346136","POST","7","200"
"1","1646293346143","POST","24","200"
"1","1646293346167","POST","25","200"
"1","1646293346192","POST","24","200"
"1","1646293346216","POST","24","200"
"1","1646293346241","POST","32","200"
"1","1646293346273","POST","30","200"
"1","1646293346303","POST","22","200"
"1","1646293346325","POST","18","200"
"1","1646293346343","POST","62","200"
"1","1646293346405","POST","81","200"
"1","1646293346486","POST","170","200"
"1","1646293346656","POST","70","200"
"1","1646293346726","POST","19","200"
"1","1646293346745","POST","28","200"
"1","1646293346773","POST","19","200"
"1","1646293346792","POST","52","200"
"1","1646293346844","POST","17","200"
"1","1646293346861","POST","25","200"
"1","1646293346886","POST","14","200"
"1","1646293346900","POST","39","200"
"1","1646293346939","POST","29","200"
"1","1646293346968","POST","14","200"
"1","1646293346982","POST","25","200"
"1","1646293347007","POST","18","200"
"1","1646293347025","POST","19","200"
"1","1646293347044","POST","15","200"
"1","1646293347059","POST","17","200"
"1","1646293347076","POST","15","200"
"1","1646293347091",